SPIELER,20_09_02,20_09_05,20_09_13,20_09_19,20_09_26,20_10_03,20_10_07,20_10_10,20_10_17,20_10_24,20_11_11,20_11_14,20_11_21,20_11_26,20_12_18,20_12_22
Felder Gabriel,100.0,0.0,0.0,0.0,33.0,50.0,40.0,0.0,0.0,40.0,0.0,100.0,100.0,0.0,0.0,50.0
Dannmeyer Max,33.0,66.0,40.0,20.0,66.0,50.0,37.0,47.0,55.0,33.0,33.0,62.0,54.0,60.0,50.0,60.0
Raemy Nicolas,62.0,50.0,,,,,,,50.0,,42.0,80.0,66.0,66.0,81.0,46.0
Linder Luca,,,,100.0,75.0,0.0,60.0,,,,50.0,50.0,71.0,60.0,0.0,75.0
Dähler Jonas,50.0,57.0,33.0,100.0,83.0,100.0,50.0,66.0,83.0,33.0,0.0,100.0,0.0,66.0,0.0,100.0
Lüthi Dario,0.0,0.0,0.0,0.0,0.0,0.0,50.0,50.0,0.0,,100.0,0.0,0.0,0.0,0.0,0.0
Gruber Nino,100.0,100.0,,,,83.0,100.0,0.0,100.0,0.0,40.0,,0.0,0.0,100.0,0.0
Huwyler Stefan,50.0,,0.0,100.0,0.0,100.0,0.0,100.0,100.0,100.0,100.0,0.0,0.0,0.0,100.0,0.0
Wyttenbach Ivan,66.0,0.0,33.0,60.0,33.0,100.0,0.0,25.0,100.0,0.0,50.0,100.0,0.0,100.0,,
Bouilloux Roman,50.0,0.0,,,,,,,,,,,,,100.0,0.0
Chernov Ivan,,66.0,50.0,50.0,0.0,,50.0,0.0,0.0,66.0,50.0,0.0,100.0,0.0,0.0,50.0
von Deschwanden Lukas,,50.0,62.0,63.0,53.0,69.0,50.0,50.0,33.0,44.0,69.0,71.0,50.0,62.0,25.0,62.0
Guignet Damien,0.0,33.0,50.0,,,,,,75.0,33.0,50.0,0.0,0.0,100.0,50.0,50.0
Schwab Yannick,100.0,100.0,100.0,0.0,0.0,0.0,100.0,100.0,0.0,0.0,50.0,0.0,0.0,0.0,66.0,75.0
Friedli Reto,0.0,100.0,0.0,0.0,100.0,0.0,0.0,,0.0,0.0,,0.0,,,,0.0
Sorgen Janick,0.0,100.0,0.0,100.0,0.0,100.0,100.0,33.0,50.0,,100.0,50.0,100.0,0.0,100.0,
Giovanelli Marco,,,,,,100.0,,,,,,,,,,
Winkler Marc,0.0,0.0,0.0,0.0,0.0,100.0,0.0,0.0,0.0,0.0,0.0,0.0,0.0,0.0,0.0,0.0
Wick Flavio,0.0,0.0,100.0,0.0,0.0,0.0,100.0,0.0,0.0,0.0,0.0,0.0,0.0,0.0,0.0,0.0
