SPIELER,20_09_02,20_09_05,20_09_13,20_09_19,20_09_26,20_10_03,20_10_07,20_10_10,20_10_17,20_10_24
Wyttenbach Ivan,0.0,0.0,0.0,1.0,0.0,0.0,1.0,1.0,1.0,0.0
Wick Flavio,0.0,0.0,0.0,0.0,0.0,0.0,0.0,0.0,0.0,0.0
Guignet Damien,0.0,2.0,4.0,,,,,,0.0,1.0
Sorgen Janick,0.0,0.0,2.0,0.0,0.0,1.0,0.0,1.0,1.0,
Linder Luca,,,,0.0,1.0,0.0,1.0,,,
Dannmeyer Max,5.0,1.0,1.0,0.0,1.0,2.0,2.0,0.0,2.0,1.0
Giovanelli Marco,,,,,,0.0,,,,
Dähler Jonas,1.0,0.0,0.0,1.0,0.0,1.0,0.0,1.0,1.0,0.0
Friedli Reto,0.0,0.0,0.0,0.0,0.0,1.0,0.0,,1.0,0.0
von Deschwanden Lukas,,2.0,0.0,1.0,3.0,1.0,2.0,3.0,0.0,2.0
Chernov Ivan,,0.0,5.0,3.0,0.0,,2.0,1.0,0.0,1.0
Winkler Marc,0.0,0.0,0.0,0.0,0.0,0.0,0.0,0.0,0.0,0.0
Bouilloux Roman,0.0,0.0,,,,,,,,
Huwyler Stefan,0.0,,0.0,0.0,0.0,0.0,0.0,0.0,0.0,0.0
Schwab Yannick,0.0,0.0,0.0,1.0,0.0,0.0,0.0,0.0,0.0,0.0
Raemy Nicolas,6.0,4.0,,,,,,,5.0,
Felder Gabriel,1.0,1.0,2.0,1.0,0.0,3.0,3.0,0.0,0.0,0.0
Lüthi Dario,1.0,0.0,0.0,0.0,0.0,0.0,0.0,1.0,0.0,
Gruber Nino,0.0,1.0,,,,1.0,0.0,0.0,0.0,0.0
