SPIELER,18_09_01,18_09_08,18_09_22,18_10_14,18_11_03,18_11_17,18_11_24,18_12_01,18_12_08,18_12_15,19_01_19,19_01_26,19_02_02,19_02_09,19_03_02,19_03_03,19_03_16,19_03_23,19_03_30,19_04_06,19_04_07,19_04_13
Zwicky Andrin,0.0,0.0,,0.0,0.0,0.0,,0.0,0.0,,0.0,0.0,0.0,,0.0,0.0,0.0,0.0,0.0,0.0,0.0,0.0
Aebi Fabian Timon,,0.0,0.0,0.0,,0.0,,0.0,0.0,0.0,0.0,,,0.0,0.0,0.0,0.0,0.0,0.0,0.0,0.0,0.0
Frischknecht Lasse,,,,,,,,,,0.0,,,,,,,,,,,,
Schranz Louis Orlando,0.0,,0.0,0.0,0.0,0.0,0.0,,0.0,0.0,0.0,0.0,0.0,0.0,0.0,0.0,0.0,0.0,0.0,0.0,0.0,0.0
Kiener Nils,0.0,0.0,0.0,0.0,0.0,0.0,0.0,,0.0,0.0,0.0,0.0,0.0,0.0,0.0,0.0,0.0,0.0,0.0,0.0,0.0,0.0
Rusch David,0.0,0.0,,0.0,,0.0,,,0.0,,0.0,0.0,0.0,,0.0,,,0.0,,0.0,,0.0
Plüss Thierry Lionardo Bonaventura,0.0,0.0,,0.0,0.0,0.0,0.0,0.0,0.0,0.0,0.0,0.0,0.0,0.0,0.0,0.0,0.0,0.0,0.0,0.0,0.0,
Stettler Luc Eric,0.0,0.0,0.0,0.0,0.0,0.0,0.0,0.0,0.0,0.0,0.0,0.0,0.0,0.0,0.0,0.0,0.0,0.0,0.0,0.0,0.0,
Hirsch Elias Benjamin,,0.0,0.0,,,0.0,0.0,0.0,,0.0,,0.0,,0.0,,,0.0,0.0,0.0,0.0,,0.0
Rudin Sebastian,0.0,0.0,0.0,,0.0,0.0,0.0,0.0,0.0,,0.0,0.0,0.0,0.0,0.0,0.0,0.0,,,0.0,0.0,0.0
Weibel Andrin Dario,,,,,,,,,0.0,0.0,0.0,,,,,,,,,,,
Ebner Leo Aliou,0.0,0.0,,0.0,0.0,0.0,0.0,0.0,0.0,0.0,0.0,0.0,0.0,0.0,0.0,0.0,0.0,0.0,0.0,0.0,0.0,0.0
Oliveira Amaral Joel,,,,,,,,0.0,,,,,,,,,,,,,,
Baumann Joshua,,,0.0,0.0,0.0,,0.0,0.0,,0.0,0.0,,0.0,0.0,0.0,0.0,,0.0,0.0,,0.0,0.0
Zahm Justin John Werner,,,0.0,,0.0,,0.0,0.0,0.0,,0.0,,0.0,0.0,0.0,0.0,,0.0,0.0,0.0,0.0,0.0
Marthaler Ivan,,,,,,,,0.0,,,,,,,,,,,,,,
Römer Leandro Maurin,0.0,0.0,0.0,0.0,0.0,0.0,0.0,0.0,0.0,0.0,0.0,0.0,0.0,0.0,0.0,0.0,0.0,,,0.0,0.0,
Pena Perez Dave León,0.0,0.0,0.0,0.0,0.0,,,,,,,0.0,0.0,0.0,0.0,0.0,0.0,0.0,0.0,,0.0,
Adamina Lorin,0.0,,0.0,,0.0,,0.0,0.0,,0.0,,0.0,0.0,,,,0.0,0.0,0.0,,,0.0
Egger David Philip,0.0,0.0,0.0,0.0,0.0,0.0,0.0,,0.0,0.0,0.0,0.0,0.0,0.0,0.0,0.0,0.0,0.0,0.0,,0.0,0.0
Hermann Janis Lukas,0.0,0.0,0.0,0.0,0.0,0.0,0.0,0.0,0.0,0.0,,0.0,,0.0,,0.0,0.0,,0.0,0.0,0.0,0.0
Roth Dominik,,,,0.0,,,,,,,,,,,,,,,,,,0.0
