SPIELER,19_08_31,19_09_08,19_09_14,19_09_21,19_10_20,19_11_02,19_11_10,19_11_17,19_11_24,19_12_07,19_12_14,19_12_21,20_01_12,20_01_19,20_01_26,20_02_08,20_02_15,20_02_23,20_03_01
Brenzikofer André,0.0,0.0,0.0,0.0,,0.0,0.0,1.0,0.0,0.0,2.0,0.0,0.0,,1.0,0.0,,1.0,
Plüss Thierry Lionardo Bonaventura,1.0,1.0,0.0,,1.0,1.0,0.0,0.0,2.0,0.0,0.0,0.0,2.0,0.0,3.0,1.0,4.0,2.0,2.0
Egger David Philip,,,,0.0,,,,,,1.0,,2.0,,,,,4.0,,
Hirsch Elias Benjamin,,,,0.0,,,,,,,,,,,,,0.0,0.0,
Römer Flavian,0.0,5.0,4.0,1.0,2.0,1.0,0.0,1.0,3.0,1.0,0.0,1.0,2.0,4.0,1.0,1.0,,2.0,2.0
Zahm Justin John Werner,,0.0,0.0,,1.0,0.0,,1.0,,,,,1.0,0.0,,0.0,,,
Baumann Yanic Simon,3.0,1.0,3.0,3.0,1.0,1.0,4.0,5.0,2.0,0.0,1.0,0.0,6.0,1.0,1.0,1.0,1.0,0.0,3.0
Schmutz Lukas,0.0,0.0,,2.0,0.0,,0.0,,,,,,,,,,0.0,,0.0
Zuege Jan,0.0,,0.0,,0.0,0.0,0.0,,0.0,,0.0,,,,0.0,,,,
Aebi Fabian Timon,,,0.0,0.0,,,,,,,,,0.0,,,,,,0.0
Kiener Nils,2.0,0.0,1.0,1.0,2.0,1.0,0.0,0.0,3.0,0.0,0.0,0.0,0.0,0.0,0.0,2.0,0.0,2.0,1.0
Hermann Janis Lukas,,,,,,,0.0,,1.0,0.0,,0.0,0.0,0.0,0.0,,0.0,,
Gerber Marc,0.0,,,1.0,1.0,,,,,,,,,,,,,,
Schweizer Micha,0.0,1.0,3.0,4.0,1.0,3.0,1.0,1.0,7.0,1.0,1.0,0.0,2.0,2.0,1.0,1.0,2.0,1.0,1.0
Stettler Luc Eric,3.0,3.0,2.0,,,,3.0,3.0,1.0,2.0,4.0,2.0,0.0,1.0,0.0,2.0,5.0,4.0,0.0
Ebner Leo Aliou,,,0.0,,0.0,0.0,,0.0,0.0,0.0,0.0,0.0,0.0,0.0,0.0,0.0,0.0,0.0,0.0
Baumann Joshua,,1.0,,0.0,,,,,,,,,,,,,,,0.0
Adamina Lorin,,,,,,0.0,0.0,0.0,0.0,0.0,0.0,0.0,0.0,0.0,0.0,0.0,,1.0,
Roth Alexander,1.0,0.0,0.0,1.0,1.0,2.0,0.0,2.0,0.0,0.0,1.0,2.0,0.0,0.0,1.0,1.0,1.0,0.0,0.0
Targise Giuliano,1.0,2.0,,,0.0,0.0,0.0,1.0,0.0,0.0,0.0,1.0,,0.0,0.0,0.0,1.0,1.0,2.0
Römer Leandro Maurin,1.0,1.0,3.0,1.0,1.0,1.0,2.0,0.0,1.0,1.0,1.0,0.0,1.0,0.0,2.0,0.0,1.0,0.0,1.0
Pena Perez Dave León,,,,,,,,,,,,,,0.0,,,,,
Rudin Sebastian,2.0,0.0,0.0,0.0,0.0,0.0,,0.0,,,1.0,,,,,0.0,0.0,0.0,0.0
