SPIELER,19_08_31,19_09_08,19_09_14,19_09_21,19_10_20,19_11_02,19_11_10,19_11_17,19_11_24,19_12_07,19_12_14,19_12_21,20_01_12,20_01_19,20_01_26,20_02_08,20_02_15,20_02_23,20_03_01
Brenzikofer André,0.0,0.0,0.0,0.0,,0.0,0.0,0.0,0.0,0.0,0.0,0.0,0.0,,0.0,0.0,,0.0,
Plüss Thierry Lionardo Bonaventura,0.0,0.0,0.0,,0.0,0.0,0.0,0.0,0.0,0.0,1.0,1.0,0.0,1.0,0.0,0.0,1.0,1.0,1.0
Egger David Philip,,,,1.0,,,,,,0.0,,0.0,,,,,0.0,,
Hirsch Elias Benjamin,,,,0.0,,,,,,,,,,,,,0.0,0.0,
Römer Flavian,0.0,0.0,1.0,0.0,0.0,1.0,0.0,0.0,0.0,0.0,0.0,0.0,1.0,1.0,0.0,1.0,,0.0,0.0
Zahm Justin John Werner,,1.0,0.0,,0.0,0.0,,0.0,,,,,0.0,0.0,,0.0,,,
Baumann Yanic Simon,0.0,0.0,1.0,1.0,0.0,0.0,0.0,0.0,1.0,0.0,1.0,0.0,0.0,0.0,0.0,0.0,1.0,0.0,0.0
Schmutz Lukas,0.0,0.0,,0.0,0.0,,0.0,,,,,,,,,,0.0,,0.0
Zuege Jan,1.0,,0.0,,0.0,0.0,0.0,,0.0,,0.0,,,,0.0,,,,
Aebi Fabian Timon,,,0.0,0.0,,,,,,,,,0.0,,,,,,0.0
Kiener Nils,0.0,1.0,0.0,0.0,0.0,0.0,0.0,1.0,0.0,0.0,0.0,0.0,0.0,0.0,0.0,0.0,0.0,1.0,0.0
Hermann Janis Lukas,,,,,,,0.0,,0.0,0.0,,0.0,0.0,0.0,0.0,,0.0,,
Gerber Marc,0.0,,,0.0,0.0,,,,,,,,,,,,,,
Schweizer Micha,1.0,0.0,0.0,0.0,0.0,0.0,1.0,1.0,1.0,1.0,0.0,1.0,1.0,0.0,0.0,1.0,0.0,0.0,1.0
Stettler Luc Eric,1.0,1.0,0.0,,,,0.0,0.0,0.0,0.0,0.0,0.0,1.0,1.0,1.0,1.0,0.0,1.0,0.0
Ebner Leo Aliou,,,0.0,,0.0,0.0,,0.0,0.0,0.0,0.0,0.0,0.0,0.0,0.0,0.0,0.0,0.0,0.0
Baumann Joshua,,0.0,,0.0,,,,,,,,,,,,,,,0.0
Adamina Lorin,,,,,,0.0,0.0,0.0,0.0,0.0,0.0,0.0,0.0,0.0,0.0,0.0,,0.0,
Roth Alexander,0.0,0.0,0.0,0.0,0.0,1.0,0.0,0.0,1.0,1.0,0.0,1.0,0.0,0.0,1.0,0.0,1.0,0.0,0.0
Targise Giuliano,0.0,0.0,,,0.0,0.0,0.0,0.0,0.0,0.0,0.0,0.0,,0.0,0.0,0.0,0.0,0.0,0.0
Römer Leandro Maurin,0.0,0.0,0.0,1.0,1.0,0.0,0.0,0.0,0.0,1.0,1.0,0.0,0.0,0.0,0.0,0.0,0.0,0.0,0.0
Pena Perez Dave León,,,,,,,,,,,,,,0.0,,,,,
Rudin Sebastian,0.0,0.0,1.0,0.0,0.0,0.0,,1.0,,,0.0,,,,,0.0,0.0,0.0,0.0
